Taxa	Mg	Ca	Mn	Fe	Cu	Zn	TKW	PH
PI_428164_TR17ID_A13_1	47.72851176	18.81037955	3.0811945	2.424222401	0.168602827	0.984909721	-0.384696101	-6.349658902
PI_323437_TR09ID_A94_2	-5.254368065	-3.050035394	-7.067181393	-0.796882333	0.023251386	-1.454829567	-1.230448651	0.370398598
PI_428174_TR17ID_A20_2	-11.64396157	32.89181778	2.776940105	1.843323301	-0.04121143	-3.386464739	-2.57173593	-1.260238581
Cltr_14520_TR17ID_A43_1	2.370666362	0.920629291	0.487278482	-0.053174273	-0.006931099	-0.734486474	1.052578837	3.474590979
GKN_000258_17_2	26.9366014	7.900269777	2.887768023	1.624162962	-0.25325203	2.413687358	-0.10860939	1.576487499
GKN_000249_77_1	37.63981624	-31.39775773	-1.947571733	-0.047062314	0.238664343	3.105320031	0.484165019	0.262415859
TR_68843_E31_1	2.532806151	-1.733307118	-1.27065029	-0.486173943	0.045032959	0.978509211	-0.059888205	-1.260238581
PI_191381_TR17ID_A68_1	17.0254653	-15.06737718	0.535263	-0.465464912	0.345927853	5.01992102	2.836315529	0.220699299
TR_61237_E7_1	20.95337751	13.94206257	2.876677602	1.098055655	0.076550967	1.619253195	1.461295438	-1.322813421
TR_68813_E18_2	-12.12337183	-19.36016713	-1.934124801	-1.888183187	-0.14649777	-6.525666103	0.914535481	-1.635687621
PI_290509_TR17ID_A83_1	6.702142798	-6.17839857	3.949250805	-0.365534818	-0.083020382	0.266930538	0.051087826	-1.552254501
GKN_025887_121_1	4.898589705	-7.621806136	-0.202641612	-0.530332781	-0.002020458	2.444819772	1.810463926	3.99604798
PI_167591_TR17ID_A10_1	4.456989659	8.61457384	-1.841077565	0.345393759	0.064896477	-2.965991684	-0.135676714	0.867305979
GKN_000250_34_1	-38.06115694	-2.258469334	-2.05514275	-2.199124514	0.049250127	-4.473902546	0.887468156	-1.698262461
PI_167611_TR05ID_A16_1	-33.47025966	-34.68522969	-4.696607312	-3.946178311	-0.446019804	-1.932721103	2.894059155	1.159321899
GKN_000273_30_1	-38.86146444	-44.38066061	-4.696258036	-2.660276221	-0.336464535	-8.131044402	1.266410701	0.637864899
PI_94743_TR04ID_A50_1	21.40752749	-25.46972965	-1.727566106	-1.828493247	0.197451645	3.19866645	4.16351668	1.493054379
TR_68869_E45_1	-45.20562221	-21.1645759	-6.701679994	-1.752008167	-0.218131667	-3.4002789	1.813170658	0.220699299
TR_68832_E27_2	-26.11679583	2.137684019	4.007760145	-0.88857723	0.170546601	-1.928997415	-0.601234698	-0.008741781
TR_68781_E12_1	-41.34098852	-12.41159799	-6.815726398	-2.387078485	0.190239654	-0.649025135	0.941602806	0.408423819
TR_61226_E2_2	-3.638919183	-1.749446089	2.020584827	-1.473062799	0.090372848	2.015786793	0.314543119	-1.155947181
PI_167591_TR17ID_A10_2	-57.61635392	-35.08032178	-5.140505067	-2.537594137	-0.246009885	-6.56624623	5.196586236	1.263613299
GKN_000242_3_2	-10.09108588	-27.49948218	-0.397209982	-3.080902418	-0.3203024	1.722335953	-0.327854719	0.408423819
TUR_02547_117_1	-14.67248577	-1.509173974	-0.862591699	1.440440494	0.047912148	-0.140164624	0.6492757	-0.425907381
TUR_02414_114_1	-31.86556525	-18.73676261	-1.996228685	-1.837910427	0.005045871	-9.335335096	0.96867013	0.700439739
PI_190939_TR04ID_A57_1	10.19133616	34.25787462	3.735926892	1.599678458	0.142693043	4.91093153	1.13378081	1.847645139
PI_290511_TR17ID_A84_1	31.94157471	28.8390878	4.022196733	0.952634019	0.089766361	4.654589298	1.217689517	2.702834619
PI_518452_TR00ID_A64_1	-8.360182046	-19.37057773	-3.083903142	-2.105309301	0.102742491	-2.911442966	2.998719477	-0.509340501
GKN_000268_26_1	-27.77635852	10.79762116	-0.680626963	-1.396597581	-0.003597794	-1.00161457	1.323252083	1.263613299
PI_435001_TR07ID_A119_1	1.413164044	8.522314156	-0.561344833	-0.731467488	0.013881559	-2.027844095	-0.317919516	-1.104619476
PI_428168_TR17ID_A4_1	-11.46657125	-4.139690314	-2.529630418	-1.179949549	-0.066162931	-3.712660709	-0.276426802	-1.385388261
GKN_025880_118_2	19.29833767	-31.49634441	4.10756335	-0.8439563	0.011725528	3.648563937	1.214982784	1.117605339
TR_61232_E4_2	-10.91136512	0.292818908	-0.640876587	-2.503760699	-0.193631177	-6.33754547	2.998719477	-0.989080941
PI_355520_TR11ID_A46_1	3.171050554	7.160946219	-3.616287157	-2.950119436	-0.282663683	-6.821862371	3.269392723	0.450140379
GKN_000270_78_2	-49.53399221	-31.10346164	-2.183759514	-3.315155331	-0.286093974	-9.447145471	3.215258074	1.993653099
TUR_02335_110_1	27.09569025	-1.15556458	5.363885724	0.351526331	-0.033507823	4.73851355	1.566858004	-0.071316621
PI_428165_TR17ID_A19_1	-37.20803426	-26.47222728	-6.808495585	-2.466253113	-0.200387442	-5.72574553	-0.271013337	-1.760837301
PI_119422_TR05ID_A1_1	16.37247234	-3.448684984	1.064535172	0.847393695	0.056726135	1.784621595	1.055285569	-0.717923301
TUR_02446_116_1	22.30271108	-26.5174194	-0.0152032	0.396531101	-0.004861014	-1.481172948	1.702194627	-0.676206741
GKN_000240_1_2	-10.78039429	-12.39888197	2.207407397	-0.250875388	-0.185578243	-1.096283524	3.031200266	-0.300757701
GKN_000244_5_2	1.964796964	-19.05760923	3.606289679	-0.460090015	-0.261150605	8.94046759	2.24354112	0.137266179
GKN_000262_20_2	10.17979954	-2.664124838	2.548975184	-0.1296076	-0.131822577	-1.567475169	-1.624379568	-1.301955141
PI_418582_TR04ID_A98_2	-13.26836879	-9.884332495	-4.140573468	-1.388571724	0.049874508	-3.410009274	2.081137172	2.118802779
TR_32141_E1_1	-32.98306303	-40.88160777	-0.666423554	-2.49460005	-0.308604553	-8.29496151	3.254054572	-5.056445542
PI_418587_TR10ID_A51_1	16.06229644	-22.15778761	5.49212149	0.964791649	0.059981168	10.82747001	1.943996061	1.847645139
PI_191383_TR17ID_A69_1	16.53475829	-41.43023465	5.357165052	0.356076162	-0.174590865	2.24490826	-0.676120963	-1.593971061
TR_68822_E21_1	10.84934775	-12.3080756	0.004757089	-1.33141963	-0.037251553	0.538699483	1.076037185	1.117605339
PI_518452_TR00ID_A64_2	32.58817949	-10.65020042	-0.465737601	-0.393659993	0.033589229	6.248237608	-0.276426802	-0.196466301
TR_68829_E25_2	37.40634603	-18.80158322	5.752563313	2.061054274	0.31932347	5.917236226	0.075448418	-0.634490181
PI_167615_TR17ID_A17_1	-30.78950135	-20.33667117	-1.077342332	-1.063407131	-0.089936035	-1.678374001	-0.844840619	-2.219719461
TR_68877_E48_2	-5.305689879	-19.75021705	-0.554706703	-0.693625196	-0.023462966	-0.280299194	0.892881621	-0.551057061
TR_68829_E25_1	9.063011785	-14.8413608	0.466080057	1.975764125	0.113184246	1.383990484	1.162652623	-1.155947181
GKN_000264_22_2	-54.05631981	-53.52795943	-5.898527824	-4.06332867	-0.43970986	-10.78687931	1.378288976	-2.616026781
PI_326317_TR17ID_A97_1	-14.38989043	-17.97611623	-0.327219721	-1.845424475	-0.001453379	-0.043151198	1.512723355	-0.509340501
PI_272535_TR17ID_A78_1	26.83996062	-26.04733916	3.318473409	1.835117479	0.242292004	2.215000017	3.81615268	1.075888779
GKN_000260_18_1	46.81883693	17.65988428	0.593657608	0.786568775	0.118532542	0.567986054	-0.731157856	-1.635687621
TR_68779_E11_1	-6.206206545	-16.62846943	0.575709845	0.545668427	-0.013243332	-2.97255086	1.943093817	1.555629219
TR_68877_E48_1	24.12831037	-32.55169508	2.323564633	-0.78128625	0.12196028	3.434217972	2.24354112	-1.614829341
TR_70176_E51_1	-23.44553982	6.032666844	-2.370616001	1.263342784	-0.033699595	-2.283527204	-1.326638998	-1.239380301
PI_191096_TR17ID_A62_1	-38.77700419	-13.62630824	-3.738189346	-2.255978615	-0.386763923	-1.976251203	3.662771174	1.305329859
PI_306545_TR16ID_A92_1	-0.482660868	1.988413524	-2.243197374	-1.182326465	-0.066975347	-3.980284616	-1.275211081	-1.030797501
PI_10474_TR05ID_A44_1	10.80918749	-22.17409585	0.616519816	0.344527044	0.17808759	0.645845747	2.543988423	-3.742373901
PI_119435_TR17ID_A6_1	6.924288893	-45.68954139	-2.245967294	-1.420234042	-0.030884479	-2.407712556	1.244756841	0.700439739
TR_68851_E34_2	-23.23670503	-24.29056547	-5.652175823	-1.197978781	0.592812357	0.706832995	0.752131533	0.450140379
PI_221416_TR00ID_A72_1	21.42895241	19.81924257	-6.645538176	-0.530752238	-0.016713798	1.564607644	-3.711270297	-0.697065021
TR_61227_E3_1	-13.71792906	12.40421223	-4.916630275	-0.809707548	-0.362641897	-7.826182736	-3.061654506	-2.303152581
TUR_02381_123_2	-28.88739695	-10.45081887	-5.061876308	0.319864372	0.003196307	-4.744309405	1.461295438	-1.427104821
TR_68792_E15_1	-42.71051864	6.584244766	-5.06818433	-0.228833283	-0.048046147	-7.055767967	1.72655522	-1.802553861
TR_68994_E50_2	-23.35636442	-51.36648518	-1.664772168	-1.202479921	-0.310977818	-5.261804115	1.213178296	-0.968222661
PI_323437_TR09ID_A94_1	-11.94016637	-3.211571852	-1.952240902	-1.063585168	-0.026478314	1.800496426	1.482949298	0.408423819
GKN_000252_11_2	-8.192284898	-17.19103499	-1.387102647	-1.416652375	-0.173150588	-0.500125881	0.454390962	-0.655348461
TR_61236_E6_1	6.01957043	29.4332722	2.953377007	1.043864759	-0.200696773	2.188937406	1.298891491	1.534770939
PI_349049_TR08ID_A101_1	24.90694893	-10.32642491	-2.205953813	0.575630561	0.228817531	1.079606114	-2.652937904	-0.863931261
PI_428175_TR17ID_A14_1	16.06687443	-18.49814241	-3.437298146	-0.049408629	0.547673814	3.668726852	0.484165019	0.429282099
TR_68855_E35_1	25.61467654	0.974085685	-2.327445145	0.144135634	0.014186367	5.698931829	-2.680907473	0.742156299
GKN_000261_19_2	16.86225853	1.776433936	-1.197818142	1.148617035	-0.016031644	0.455910144	-0.703188287	-0.154749741
PI_538721_TR04ID_A15_1	-4.407509704	-2.782139154	-0.976247615	-1.394591814	-0.036548433	-4.434433178	-1.765129657	0.074691339
GKN_000270_78_1	25.81885251	-24.02712381	3.02191728	4.73905667	0.523764429	7.907330309	-0.357628776	-0.613631901
PI_355538_TR17ID_A109_1	24.44468665	-7.754474747	-2.799370823	1.951787017	0.359088884	1.905852833	-3.546159617	-1.385388261
GKN_002951_31_1	-2.074558312	-3.257412348	-5.994110987	-0.339831439	0.140715785	-2.043610365	-2.301062684	1.117605339
PI_355530_TR04ID_A67_1	5.633865434	-14.92557093	-4.129316613	2.143605256	0.175476453	0.060093005	-0.677023207	1.159321899
GKN_000247_8_1	5.262714522	-3.244103093	-4.090437023	1.246737771	-0.33563539	-1.281015925	-4.545846139	-1.093372341
GKN_000245_6_2	10.13333193	23.2452727	-1.851798136	0.920247794	0.181564544	5.916100219	-2.114298144	0.220699299
PI_428166_TR17ID_A3_1	10.41434324	18.31952352	4.372392127	1.951654092	0.107552127	-3.631796318	0.592434318	-0.342474261
GKN_000263_21_2	-6.898703789	-15.86468293	-3.167600826	-0.639606414	0.04924408	6.837723671	-1.598214488	1.639062339
PI_289599_TR04ID_A77_1	-17.40182905	32.02044438	2.621087441	-1.430910395	-0.108902434	3.350191163	-2.872183233	1.326188139
GKN_000269_27_1	3.28185805	17.51406232	3.506718727	1.524157511	-0.075378465	-3.771434988	0.513939077	-0.175608021
TR_68850_E33_2	-43.18756176	-21.30446817	-1.854659993	-1.733040286	-0.255802935	-6.423050583	-3.359395077	-2.094569781
TR_70177_E52_1	10.28391395	50.09828074	5.898320528	2.344030063	0.129368278	1.563778809	0.379504698	0.158124459
PI_272563_TR17ID_A81_1	30.50671164	61.0825393	12.15309979	3.910508002	0.092716012	4.37443047	0.831529019	-4.368122302
GKN_025885_120_2	32.19532264	-9.070509083	1.429152397	0.694432808	-0.205724739	0.380302986	0.892881621	-0.467623941
PI_190947_TR17ID_A59_1	22.99224721	15.84861538	4.851534711	1.143398797	-0.015608391	1.252462662	1.8916659	2.473393539
PI_272562_TR04ID_A80_1	23.74288233	6.121800448	7.045727768	2.065040965	0.16267199	-4.820681612	-0.571460641	1.388762979
TR_68822_E21_2	17.93162907	31.09053328	1.105227691	2.652553482	0.167500546	0.493651116	-0.219585421	-1.072514061
TR_68841_E30_1	-23.56607183	4.646865697	-1.72509179	1.505064539	-0.03506889	-4.209710914	-2.138658736	0.178982739
PI_191381_TR17ID_A68_2	-42.45166167	-40.7515904	-8.06860972	-0.473621203	-0.324619682	-7.062250771	-2.953385207	1.075888779
GKN_035879_33_1	9.625206685	-16.6761949	-2.668055356	1.722671869	0.02651222	-1.145083533	-4.141640758	1.284471579
TR_68862_E39_1	16.98726555	37.60872846	5.49891753	1.592235014	0.096942617	0.300799201	0.321761072	1.159321899
PI_254195_TR05ID_A21_1	27.15373553	21.06611936	4.23424174	0.366021348	0.149514663	-1.133486331	0.427323638	-1.593971061
TR_68827_E23_1	7.461000302	17.95252195	1.028943411	2.874763509	0.049807664	8.377108954	-3.223156209	1.597345779
PI_341413_TR01ID_A22_1	-21.26031413	7.310056497	0.07587467	0.710361198	0.120876068	-5.07988223	-4.469155386	-0.405049101
GKN_000269_27_2	-32.82523943	6.855209523	-0.495298657	-1.090811045	-0.139130509	-6.073386305	-3.525408001	0.304132419
TUR_02417_122_1	71.16383802	96.62597589	13.60538888	2.161940438	0.616364	5.233460103	-7.091979142	-0.738781581
PI_355547_TR16ID_A96_1	44.14110431	34.98458382	1.455808094	0.914102004	0.133660601	2.151608913	-2.95609194	1.305329859
PI_573524_TR04ID_A38_2	13.39043058	-4.406869439	-5.796588707	-0.482078418	0.019728712	10.03829156	-0.436124018	1.451337819
PI_272557_TR04ID_A79_1	-39.08210816	-17.30607502	-2.65770224	-0.477686077	-0.015737866	0.631896249	-0.544393316	1.910219979
TR_68869_E45_2	-13.6322481	-24.14318267	-4.569640366	0.013245293	0.318253375	0.826812071	0.484165019	0.679581459
PI_355538_TR17ID_A109_2	19.94475408	26.03728931	3.212012829	1.106072949	0.067492241	1.744708785	0.024020501	1.326188139
TR_68835_E28_1	-29.14274075	18.84165733	2.344928715	-0.029238133	-0.14603773	-4.167563269	3.783671891	-0.467623941
PI_191098_TR17ID_A65_1	11.2072051	8.835613802	2.701726259	0.675345068	-0.114116383	0.943687949	2.949998292	-1.489679661
GKN_000243_4_2	62.24973778	81.51654032	6.140926871	2.570480342	0.248874793	7.159548819	-7.202955173	-1.260238581
GKN_000258_17_1	-13.07680183	6.605530606	-0.785682248	-1.222598177	-0.118265071	-5.273573734	-3.711270297	-0.300757701
TR_68831_E26_1	-3.26102796	7.03073414	-5.4029581	-0.573354114	-0.255483736	-5.103326262	-2.303769416	-0.613631901
TR_68792_E15_2	-23.99664211	23.64730332	2.313292349	0.062287594	0.067219691	-1.894979149	-2.95609194	-0.092174901
PI_352483_TR17ID_A66_1	-1.124414944	25.52185375	0.547669048	-0.0431363	-0.291464763	-6.800993655	-3.118495888	-0.843072981
GKN_000263_21_1	9.209115928	14.20000301	-8.03016977	-0.364700129	0.082983726	2.116614025	-0.869201212	0.846447699
PI_286068_TR17ID_A89_1	-32.2855224	-1.83072492	-0.299975152	-0.164242129	-0.356306905	-7.989908223	2.541281691	-5.682193942
GKN_000253_12_2	21.9983094	45.0903029	7.922025534	1.16148549	0.136284536	10.48597994	-4.306751438	-0.008741781
PI_295058_TR01ID_A90_1	-6.33681759	-2.626299368	0.846390779	3.606386579	-0.110961933	-3.082251359	1.109420218	-0.092174901
TR_61232_E4_1	-3.816517017	49.92858372	-4.441538734	-0.089947449	-0.197238033	-4.05997612	-4.199384384	-1.135088901
GKN_002952_32_1	15.11984278	-30.96528468	5.264580939	1.161486602	0.192119595	-1.081140678	0.944309538	-2.741176461
PI_355546_TR11ID_A95_1	63.89573433	4.577716578	5.848123627	2.305624419	0.095501079	7.723143925	0.159357124	-2.282294301
GKN_025885_120_1	-13.97062047	20.95537189	-2.353733628	1.022481067	-0.103448869	-2.685873816	-3.497438432	3.870898299
PI_191096_TR17ID_A62_2	0.349078324	27.55754018	0.098608585	-0.045327083	0.042344146	-1.022270644	-2.111591412	1.263613299
GKN_000241_2_1	-14.98591661	14.18507704	-1.563047107	-0.87417138	-0.054266973	1.576664442	-3.548866349	2.056227939
TR_68832_E27_1	1.458230591	-7.904496552	3.089334411	0.141890131	0.009661954	2.669038231	1.400845629	-0.875248001
PI_168803_TR04ID_A42_1	10.58854697	-3.77722081	-0.387177851	1.365341331	-0.042325789	2.798428162	-4.7371219	3.578882379
PI_266844_TR17ID_A76_1	-19.29144565	-49.65250645	-2.885876057	-0.950240781	-0.274526963	-7.91592557	-6.631834623	-2.428302261
GKN_000272_29_1	11.6532692	-4.015589147	4.434516619	2.359433557	-0.095818929	4.345678139	-2.9777458	0.491856939
PI_221413_TR01ID_A71_1	-3.282004236	3.54972127	-0.353082176	2.942158064	-0.144974119	5.035007353	-4.849000175	0.533573499
PI_290511_TR17ID_A84_2	14.13216516	34.3216045	-1.272748376	-0.469126144	0.080424073	7.391778561	-4.471862119	0.304132419
PI_119422_TR05ID_A1_2	17.5543111	20.50059149	-2.095632647	1.914234581	0.228483722	5.51299263	-3.332327752	-1.218522021
GKN_000261_19_1	27.98807443	29.63910397	3.123067863	0.997164087	0.188677121	2.597145351	-2.852333862	2.348243859
PI_264935_TR17ID_A74_1	25.5826725	3.126298268	-0.826254891	-0.420952353	-0.057933825	8.053971169	0.402060801	2.285669019
TR_61226_E2_1	27.71567135	86.08039567	10.29785672	2.126978687	0.223663257	3.62541246	-4.661333391	-0.697065021
PI_191097_TR17ID_A63_1	10.53391988	34.68853962	-3.511072708	-1.084874186	-0.071714554	-4.642287289	-3.930515626	0.867305979
TR_68828_E24_1	-9.311966049	71.37457504	0.862096407	0.27587392	-0.012796519	-2.589670735	-3.413529726	2.765409459
PI_345242_TR09ID_A100_1	18.19963634	90.41903977	7.02747253	2.542955109	0.33111094	7.352918393	-3.524505757	0.533573499
GKN_000252_11_1	113.6709163	47.27196742	8.952680153	4.129364651	-0.134059152	10.89699277	-5.44087234	0.012116499
PI_221393_TR17ID_A70_1	21.35061673	11.53297694	2.531577423	1.459412151	0.179733791	1.606890533	1.239343376	-0.989080941
PI_191095_TR17ID_A61_1	-38.69387738	-3.800435482	-0.691070438	-0.921877767	-0.244365647	0.123036375	-0.893561804	2.807126019
PI_192063_TR17ID_A56_1	-11.19786281	-32.55618946	1.111083739	-2.804498369	-0.450052026	-0.771812952	2.246247852	-1.322813421
PI_428169_TR17ID_A5_1	42.95142867	-16.14313403	6.051984415	0.216562537	-0.130412021	2.938385858	-0.571460641	-2.407443981
TR_68839_E29_1	-28.99725089	7.767585256	-1.115309669	0.609937336	-0.021729793	-1.102506366	-3.578640406	2.932275699
TR_68876_E47_1	2.184486389	29.67955584	-0.920029574	1.20696639	-0.016973762	-1.404439931	-3.903448302	1.493054379
TR_68991_E49_1	-14.19659179	22.3209044	6.755451454	-0.758083892	0.020902313	-6.821773514	-1.819264306	-0.968222661
TR_63611_E8_1	57.17956206	17.3167243	5.84650243	1.837462103	0.045337193	2.920458194	-6.688676005	2.932275699
GKN_000268_26_2	45.91512033	30.64507427	6.487222284	3.291964584	0.226787561	3.672134899	-7.527763068	1.701637179
TR_68821_E20_1	30.0940362	-10.92437743	5.631106031	1.782240374	0.222491769	10.8789969	-1.151274776	0.419247484
PI_352473_TR04ID_A102_1	32.96993625	-24.44567577	3.994932875	3.536930421	0.032086269	4.633778573	-3.356688344	0.345848979
GKN_000240_1_1	46.89151675	-51.1480994	10.08803281	3.695409139	-0.257141366	6.622386	4.276297199	-0.968222661
PI_119423_TR17ID_A2_1	35.85857181	13.59211488	0.91123098	2.717773293	0.167434904	10.18087862	-2.171139526	-2.386585701
GKN_000244_5_1	17.55983704	21.40299097	-1.963761189	1.857651512	0.103540883	4.1101306	-3.524505757	0.324990699
GKN_000249_77_2	-86.42639879	-70.62312812	-12.71003589	-3.355190405	-0.386495989	-8.167702535	-1.001831102	-5.515327702
GKN_000255_14_1	44.74020069	7.373701953	0.144385421	0.059920194	0.116275231	1.732755715	-2.9777458	-2.136286341
TR_68857_E36_1	-42.16732878	-20.50000464	-8.412031459	-2.186661961	-0.270220698	-4.91087535	0.333490246	1.805928579
PI_190915_TR05ID_A52_1	14.29494855	7.345207311	-3.456630524	0.446944959	-0.103050875	-1.242325837	0.61679491	2.035369659
GKN_000262_20_1	1.719850584	30.27567402	-0.767173352	2.14346809	0.23699609	-1.585853814	1.537083947	1.972794819
PI_237659_TR08ID_A75_1	15.58257756	9.83863852	-3.172309718	-1.337676321	0.004873393	-0.494784147	-1.895052815	0.742156299
TR_68851_E34_1	3.169960577	7.559100543	0.935603307	2.972148907	0.461912633	0.405250002	-1.437615029	0.533573499
TUR_02336_111_1	-31.14436876	27.89651193	-0.322165231	-0.563195008	-0.162009574	0.427082576	-0.249359478	-2.386585701
PI_167625_TR09ID_A18_1	-24.28967387	-19.83946393	-6.12056929	-0.31781509	-0.035179759	-6.229362903	-2.355197333	-3.450357981
TR_70179_E54_1	-10.16882009	-25.27495618	-3.250428218	2.28204079	0.199143487	-1.151874148	-1.94828522	-1.155947181
GKN_000264_22_1	5.981015857	18.45501655	-1.582592829	-0.954031813	0.103038076	2.351240748	-1.407840972	-0.551057061
PI_170196_TR17ID_A8_1	5.020895033	26.11628373	2.796107538	1.668603734	0.001833577	-1.885167621	1.861891843	-0.217324581
PI_306545_TR16ID_A92_2	19.19255121	43.32437449	6.386968283	2.183336118	-0.080377784	0.877798092	2.489853774	-0.863931261
TR_68860_E37_1	45.43748344	-16.68310369	10.21024455	2.300216232	-0.150774292	2.978061963	3.193604214	3.245149899
PI_290508_TR04ID_A82_1	-0.717744688	13.94915973	-0.074467525	1.613499122	0.189876206	1.256075675	-0.541686584	0.742156299
TR_68788_E13_1	41.82780225	40.71080214	-0.003885649	2.513013898	0.458407759	5.802794561	-1.602725709	-1.427104821
PI_277135_TR17ID_A86_1	-4.866094095	7.016681369	-4.411944839	-2.740660624	0.03103176	-0.537220693	2.43030566	0.658723179
PI_167526_TR17ID_A7_1	14.87921165	22.91721402	1.324477606	-0.509059575	-0.053102152	2.39175419	0.375895721	0.345848979
PI_355543_TR05ID_A49_1	60.19445863	6.967339615	10.89656277	2.387067618	0.126281954	13.84510947	-2.144072201	2.264810739
GKN_000246_7_1	-21.35767169	57.84572974	1.933670141	1.19037115	0.159397709	-1.799338362	-4.525996768	4.12119766
GKN_000243_4_1	36.17085057	29.12195112	4.477981915	1.937706154	0.121281413	2.348154272	-1.137167725	-2.595168501
GKN_000251_10_1	18.11478203	15.36945231	9.715917999	2.924251225	0.197195393	4.273814784	0.676343024	-2.240577741
GKN_000257_16_1	-4.239778298	-3.854893225	-0.152473881	2.924925305	0.105360408	-1.991533706	-0.553415758	0.992455659
PI_221413_TR01ID_A71_2	-15.45746602	7.817919608	-3.229328606	-1.516434097	-0.126830501	-6.759820251	-0.243946013	-0.634490181
GKN_000255_14_2	-1.06632316	-7.346591383	-1.9460082	0.481601464	-0.087806916	-1.437033465	1.948507281	0.992455659
GKN_000256_15_1	2.707068911	22.41380448	-1.047310309	-1.040253613	-0.08710232	-3.956037054	-1.32934573	1.034172219
PI_352480_TR05ID_A87_1	21.59783768	-15.70656631	3.391655904	1.468595444	-0.02416622	-1.244611295	-0.000340091	-0.613631901
TR_68863_E40_1	-32.33903454	1.377432882	-1.656194485	-0.977042865	0.177560268	-1.363538197	3.404729346	0.095549619
TR_68873_E46_1	14.86120047	-9.224671657	1.861042203	0.43719991	0.000279214	0.523137069	1.569564737	1.743353739
BOLU_124_1	-57.75099131	-35.3577569	-4.232585332	0.075460603	-0.188046742	-7.0706946	0.568073726	1.409621259
TUR_02381_123_1	-51.73700131	-5.058852553	-2.63735827	-0.770782223	0.061151711	-4.379559752	4.108479786	1.743353739
PI_277130_TR16ID_A85_1	12.11299644	34.94362257	1.521009902	0.855932798	0.060810157	8.79072006	-0.598527965	-0.655348461
PI_167589_TR17ID_A9_1	6.514919932	16.28634766	-0.651012664	2.714415256	0.366430063	1.344442878	-1.602725709	0.032974779
GKN_000248_9_1	1.127135605	-5.051959686	-1.730863425	0.825523661	0.313689825	3.997027301	-2.413843203	-0.822214701
PI_355541_TR02ID_A88_1	5.736444042	2.278148454	1.346804348	0.846655013	-0.028147402	0.678513404	0.432737103	-0.092174901
GKN_000267_25_1	42.51827157	19.19497306	1.969506781	1.370616952	0.117038744	4.98233357	-1.218369699	-1.948561821
TR_68823_E22_1	-12.81962601	-27.86193383	-1.166425826	-3.19960467	-0.25247027	-5.686637737	3.458863995	-1.927703541
TR_68855_E35_2	23.60158973	4.070572756	4.348556401	0.333515777	0.270476066	-0.019904408	2.267901712	-1.093372341
PI_352484_TR13ID_A108_1	-3.788295471	-24.65292819	-1.106551088	-1.319228062	-0.040449213	-0.245262543	1.786103334	2.243952459
PI_352475_TR07ID_A45_1	25.07210886	9.092581219	-1.034267407	0.256481099	0.154806064	1.519432631	-1.166941782	-0.759639861
BOLU_124_2	-39.83847274	-32.85489051	-2.996659924	-2.257336577	0.080912808	-6.140477814	3.83780654	0.804731139
TUR_02407_115_1	3.078231587	-4.621097277	0.709184436	-0.64890486	0.255478227	2.030906499	1.591218596	-2.595168501
PI_191095_TR17ID_A61_2	-17.2052611	-16.24475484	-2.36943963	-1.649974277	0.061897011	-2.392120257	1.943093817	-2.178002901
TR_68796_E16_1	-24.20560799	-23.1707164	-3.063476802	-0.610278262	-0.053456356	-2.592764348	2.922930968	-2.219719461
PI_192063_TR17ID_A56_2	17.43218379	0.143580568	-1.509912471	-0.397230137	-0.019538962	3.717599532	0.26491969	-1.114230621
TR_68791_E14_1	-5.36452295	17.99205799	2.117057957	0.871822676	0.049720303	1.468352183	0.024020501	-0.571915341
GKN_000242_3_1	-14.45406359	-11.33707992	2.039344603	-0.107411236	-0.142115269	-2.064138777	0.080861883	0.617006619
PI_542473_TR00ID_A41_1	-44.65340678	-36.48984156	-3.210247342	-2.423886818	-0.366350637	-8.857402679	0.294693747	-0.008741781
GKN_000246_7_2	11.14558241	-6.0402505	2.739771049	-0.122421091	0.138569147	3.173711828	2.566544527	-1.614829341
PI_355529_TR17ID_A55_1	-5.267845355	-30.32923979	-2.055860829	-1.019275794	-0.2123842	-2.30893889	-1.004537835	-2.094569781
PI_573524_TR04ID_A38_1	0.199489717	-33.34001601	-1.949521839	-0.358150565	0.510313057	-2.957084533	1.702194627	0.470998659
GKN_000253_12_1	-2.058324912	14.92315936	4.421062594	0.16277073	0.143311873	-0.378806192	-1.705581542	-2.219719461
TR_68994_E50_1	-14.96564281	-10.75570777	2.014744383	-1.229104061	0.014520829	-1.360937622	-0.758225181	-2.219719461
GKN_000241_2_2	7.994126462	22.82284823	3.590865389	0.855443056	0.067898493	1.259644268	2.24354112	1.409621259
TR_68865_E42_1	-18.89043744	-18.11206581	-3.292309547	-1.340173707	-0.253526216	-1.809472404	1.458588706	-0.113033181
TR_68835_E28_2	2.553387855	-9.029263972	-0.472511076	0.086887056	-0.075905554	-1.659714361	-0.243946013	0.637864899
GKN_000248_9_2	-9.836114991	-4.650861966	-2.816030595	-0.006678658	0.057859619	-3.698485286	2.027002523	-0.175608021
TR_68810_E17_1	-4.508025815	-8.774706085	-3.792080773	-0.842024318	0.09963855	-1.097793405	-0.222292153	-1.135088901
GKN_025880_118_1	19.29491357	41.59153049	10.06341867	2.580384947	0.35381472	6.254983269	1.729261952	1.013313939
GKN_025882_119_1	-18.14235654	-22.00479419	-4.137766487	-1.903356748	-0.199448501	-6.849788025	0.457097695	-0.717923301
TUR_02417_122_2	-40.87544336	-39.16095161	-5.526756732	-2.262760314	-0.212686318	-5.202580896	3.437210136	0.554431779
TUR_02337_112_1	-20.49446127	12.05246071	-2.336289813	-1.305197241	0.114330881	-1.959672655	2.835413285	0.929880819
TR_68777_E10_1	-12.32287599	-6.857138268	-3.352681191	-1.793659826	-0.150485832	0.79392201	1.374679999	-0.217324581
TR_68844_E32_1	-34.3098519	-38.24122509	-1.545161507	-3.024594897	-0.346160919	-10.32040812	2.24354112	-3.116625501
GKN_000254_13_2	0.042391315	-12.76683386	-0.56145966	-1.473346524	-0.148479948	5.515377674	1.972867874	0.345848979
GKN_000271_28_1	-5.690706994	38.57559518	5.148565782	-0.601778381	-0.349494876	-4.094025109	1.542497412	3.432874419
PI_306540_TR16ID_A91_1	-41.61656737	-10.53283701	-3.734367487	-1.094021482	-0.028515313	-4.630909279	1.62460163	0.533573499
TR_68813_E18_1	-22.0739631	5.312510342	-0.288355247	-1.208258755	0.124514331	0.864202232	3.891941189	-0.551057061
TR_61237_E7_2	19.5097206	-30.97817249	1.60784369	-1.170336634	0.109411513	6.652302393	2.433012392	1.263613299
Cltr_13961_TR17ID_A39_1	-7.255208717	-14.5402322	-2.906312426	-1.807319341	-0.126800999	5.19632186	2.270608444	2.598543219
PI_355541_TR02ID_A88_2	-48.49153937	-51.02819161	-3.139746927	-3.275077906	-0.435218581	-5.419250346	5.085610205	1.221896739
TR_63724_E9_1	-61.24353925	-56.32687136	-6.824023818	-3.749519757	-0.307707063	-6.39209157	2.565642283	2.181377619
PI_428167_TR17ID_A23_1	-1.645022574	-15.16944578	0.909134186	-2.050450574	0.142741223	4.185519065	3.215258074	0.178982739
PI_503874_TR041ID_A120_1	13.89740965	24.74321609	-0.004125388	-1.223443444	-0.044979526	2.667851028	0.26491969	0.971597379
GKN_025887_121_2	-18.28313327	-13.1907265	-2.264538103	-1.773921282	-0.003982605	-3.194353234	0.107929207	-1.239380301
GKN_000247_8_2	10.557202	-29.75974993	-2.418438476	-0.555300645	-0.131511815	2.998446083	1.404454057	2.160519339
TR_61233_E5_1	-37.91855097	-43.05406009	-4.150468373	-2.979760776	-0.161290007	-3.296034325	2.592709607	2.431676979
TR_70178_E53_1	6.775605635	6.547086292	3.104158708	0.089278807	0.303686481	5.224540831	1.972867874	-1.155947181
PI_428174_TR17ID_A20_1	24.82713438	-4.240672462	0.147642585	3.306660216	-0.201345628	2.888993264	1.867305308	0.137266179
PI_266844_TR17ID_A76_2	-22.13168638	-8.217721788	-2.801301118	0.830108391	-0.257939516	-1.965790135	0.486871752	-0.488482221
PI_591871_TR13ID_A116_1	10.5340729	8.892148419	4.425819743	-0.406530366	-0.067595817	5.404991718	0.457097695	-0.071316621
GKN_000245_6_1	-7.403895069	-24.73492444	-2.570599129	-2.717906752	0.111376098	0.908070343	2.457372984	0.596148339
TR_68850_E33_1	-9.06802388	-26.17716917	-0.895566676	-0.015155103	-0.113123446	-0.89182678	4.330431848	3.036567099
PI_428166_TR17ID_A3_2	3.801452691	-0.565709121	2.471813181	2.005665849	0.111920496	3.694377707	1.975574606	1.534770939
PI_343181_TR04ID_A99_1	29.30018208	18.05757745	3.152309723	0.010122982	0.21983562	5.66193571	1.645353246	0.971597379
PI_428163_TR17ID_A12_1	-42.31999594	-29.26099296	-1.64233277	-2.462548828	-0.264197621	-8.813588535	6.438976436	-0.446765661
GKN_000266_24_1	-49.22809429	0.706639823	3.79766871	-1.33996608	-0.073503146	3.328757277	4.866364876	1.805928579
TR_70176_E51_2	-9.494651554	-23.46995907	1.588348204	-1.390480189	-0.061717761	2.509046127	2.893156911	3.057425379
TR_68868_E44_1	7.43912708	-21.4702273	-1.491929941	-0.935238645	-0.161478664	-2.559535612	2.219180528	-1.281096861
GKN_000265_23_2	-25.14261508	2.393290439	-4.198881245	-2.646711279	-0.293955004	2.74175426	-1.464682353	0.533573499
TR_68815_E19_1	-44.26708604	-29.13675532	-4.934662226	-2.631506346	-0.117536717	-4.487678762	3.756604566	0.783872859
PI_225164_TR17ID_A73_1	-33.6756792	26.30840519	3.079954015	-0.482033357	0.11969921	-1.46385236	0.96867013	1.597345779
PI_584654_TR06ID_A103_1	2.049955333	-5.897823486	-0.748534678	0.578782386	0.053854041	-0.422903141	3.193604214	2.243952459
PI_428162_TR17ID_A11_1	25.16129381	62.77035139	1.281162241	3.300064006	0.125840714	3.074862236	-3.172630537	0.742156299
GKN_000265_23_1	-13.88037144	47.03305246	-7.228332301	-0.599185104	-0.137519863	-4.295471366	-3.004813124	-1.489679661
PI_418582_TR04ID_A98_1	-27.16650912	11.92414577	-0.821434073	-0.782395084	-0.078848683	-2.099890267	-1.139874458	-0.217324581
Cltr_13965_TR17ID_A40_1	6.765519312	45.93286138	-3.513078908	0.288130924	0.129807942	4.953862802	-3.848411408	-1.364529981
PI_307984_TR04ID_A93_1	29.15487909	-23.32150291	-4.634804151	-0.117642926	0.7001115	2.4368388	-1.407840972	-0.780498141
GKN_000254_13_1	19.45840482	17.78063438	0.79205134	1.133865003	-0.169246479	-0.471661066	1.028218244	0.304132419
